  -9.0000000e+01  -6.3840207e+01
  -8.9900000e+01  -6.3026403e+01
  -8.9800000e+01  -6.2097382e+01
  -8.9700000e+01  -6.1136249e+01
  -8.9600000e+01  -6.0190969e+01
  -8.9500000e+01  -5.9285229e+01
  -8.9400000e+01  -5.8428570e+01
  -8.9300000e+01  -5.7623044e+01
  -8.9200000e+01  -5.6867038e+01
  -8.9100000e+01  -5.6157317e+01
  -8.9000000e+01  -5.5490087e+01
  -8.8900000e+01  -5.4861516e+01
  -8.8800000e+01  -5.4267979e+01
  -8.8700000e+01  -5.3706158e+01
  -8.8600000e+01  -5.3173069e+01
  -8.8500000e+01  -5.2666051e+01
  -8.8400000e+01  -5.2182745e+01
  -8.8300000e+01  -5.1721060e+01
  -8.8200000e+01  -5.1279145e+01
  -8.8100000e+01  -5.0855358e+01
  -8.8000000e+01  -5.0448243e+01
  -8.7900000e+01  -5.0056502e+01
  -8.7800000e+01  -4.9678978e+01
  -8.7700000e+01  -4.9314637e+01
  -8.7600000e+01  -4.8962551e+01
  -8.7500000e+01  -4.8621888e+01
  -8.7400000e+01  -4.8291898e+01
  -8.7300000e+01  -4.7971903e+01
  -8.7200000e+01  -4.7661292e+01
  -8.7100000e+01  -4.7359511e+01
  -8.7000000e+01  -4.7066054e+01
  -8.6900000e+01  -4.6780464e+01
  -8.6800000e+01  -4.6502324e+01
  -8.6700000e+01  -4.6231253e+01
  -8.6600000e+01  -4.5966901e+01
  -8.6500000e+01  -4.5708951e+01
  -8.6400000e+01  -4.5457111e+01
  -8.6300000e+01  -4.5211113e+01
  -8.6200000e+01  -4.4970710e+01
  -8.6100000e+01  -4.4735678e+01
  -8.6000000e+01  -4.4505807e+01
  -8.5900000e+01  -4.4280908e+01
  -8.5800000e+01  -4.4060803e+01
  -8.5700000e+01  -4.3845330e+01
  -8.5600000e+01  -4.3634339e+01
  -8.5500000e+01  -4.3427693e+01
  -8.5400000e+01  -4.3225265e+01
  -8.5300000e+01  -4.3026937e+01
  -8.5200000e+01  -4.2832600e+01
  -8.5100000e+01  -4.2642156e+01
  -8.5000000e+01  -4.2455513e+01
  -8.4900000e+01  -4.2272585e+01
  -8.4800000e+01  -4.2093296e+01
  -8.4700000e+01  -4.1917572e+01
  -8.4600000e+01  -4.1745350e+01
  -8.4500000e+01  -4.1576568e+01
  -8.4400000e+01  -4.1411170e+01
  -8.4300000e+01  -4.1249107e+01
  -8.4200000e+01  -4.1090333e+01
  -8.4100000e+01  -4.0934805e+01
  -8.4000000e+01  -4.0782485e+01
  -8.3900000e+01  -4.0633338e+01
  -8.3800000e+01  -4.0487335e+01
  -8.3700000e+01  -4.0344446e+01
  -8.3600000e+01  -4.0204647e+01
  -8.3500000e+01  -4.0067916e+01
  -8.3400000e+01  -3.9934234e+01
  -8.3300000e+01  -3.9803584e+01
  -8.3200000e+01  -3.9675952e+01
  -8.3100000e+01  -3.9551326e+01
  -8.3000000e+01  -3.9429697e+01
  -8.2900000e+01  -3.9311056e+01
  -8.2800000e+01  -3.9195399e+01
  -8.2700000e+01  -3.9082721e+01
  -8.2600000e+01  -3.8973020e+01
  -8.2500000e+01  -3.8866298e+01
  -8.2400000e+01  -3.8762555e+01
  -8.2300000e+01  -3.8661796e+01
  -8.2200000e+01  -3.8564025e+01
  -8.2100000e+01  -3.8469249e+01
  -8.2000000e+01  -3.8377477e+01
  -8.1900000e+01  -3.8288720e+01
  -8.1800000e+01  -3.8202988e+01
  -8.1700000e+01  -3.8120296e+01
  -8.1600000e+01  -3.8040658e+01
  -8.1500000e+01  -3.7964092e+01
  -8.1400000e+01  -3.7890616e+01
  -8.1300000e+01  -3.7820250e+01
  -8.1200000e+01  -3.7753017e+01
  -8.1100000e+01  -3.7688942e+01
  -8.1000000e+01  -3.7628049e+01
  -8.0900000e+01  -3.7570369e+01
  -8.0800000e+01  -3.7515931e+01
  -8.0700000e+01  -3.7464769e+01
  -8.0600000e+01  -3.7416918e+01
  -8.0500000e+01  -3.7372416e+01
  -8.0400000e+01  -3.7331305e+01
  -8.0300000e+01  -3.7293629e+01
  -8.0200000e+01  -3.7259437e+01
  -8.0100000e+01  -3.7228778e+01
  -8.0000000e+01  -3.7201708e+01
  -7.9900000e+01  -3.7178287e+01
  -7.9800000e+01  -3.7158579e+01
  -7.9700000e+01  -3.7142651e+01
  -7.9600000e+01  -3.7130578e+01
  -7.9500000e+01  -3.7122439e+01
  -7.9400000e+01  -3.7118321e+01
  -7.9300000e+01  -3.7118315e+01
  -7.9200000e+01  -3.7122520e+01
  -7.9100000e+01  -3.7131045e+01
  -7.9000000e+01  -3.7144005e+01
  -7.8900000e+01  -3.7161525e+01
  -7.8800000e+01  -3.7183740e+01
  -7.8700000e+01  -3.7210795e+01
  -7.8600000e+01  -3.7242848e+01
  -7.8500000e+01  -3.7280069e+01
  -7.8400000e+01  -3.7322642e+01
  -7.8300000e+01  -3.7370765e+01
  -7.8200000e+01  -3.7424654e+01
  -7.8100000e+01  -3.7484542e+01
  -7.8000000e+01  -3.7550681e+01
  -7.7900000e+01  -3.7623346e+01
  -7.7800000e+01  -3.7702834e+01
  -7.7700000e+01  -3.7789468e+01
  -7.7600000e+01  -3.7883598e+01
  -7.7500000e+01  -3.7985608e+01
  -7.7400000e+01  -3.8095912e+01
  -7.7300000e+01  -3.8214967e+01
  -7.7200000e+01  -3.8343269e+01
  -7.7100000e+01  -3.8481361e+01
  -7.7000000e+01  -3.8629842e+01
  -7.6900000e+01  -3.8789368e+01
  -7.6800000e+01  -3.8960664e+01
  -7.6700000e+01  -3.9144529e+01
  -7.6600000e+01  -3.9341851e+01
  -7.6500000e+01  -3.9553619e+01
  -7.6400000e+01  -3.9780937e+01
  -7.6300000e+01  -4.0025041e+01
  -7.6200000e+01  -4.0287328e+01
  -7.6100000e+01  -4.0569377e+01
  -7.6000000e+01  -4.0872989e+01
  -7.5900000e+01  -4.1200226e+01
  -7.5800000e+01  -4.1553471e+01
  -7.5700000e+01  -4.1935493e+01
  -7.5600000e+01  -4.2349542e+01
  -7.5500000e+01  -4.2799467e+01
  -7.5400000e+01  -4.3289875e+01
  -7.5300000e+01  -4.3826352e+01
  -7.5200000e+01  -4.4415756e+01
  -7.5100000e+01  -4.5066645e+01
  -7.5000000e+01  -4.5789891e+01
  -7.4900000e+01  -4.6599596e+01
  -7.4800000e+01  -4.7514497e+01
  -7.4700000e+01  -4.8560216e+01
  -7.4600000e+01  -4.9773006e+01
  -7.4500000e+01  -5.1206252e+01
  -7.4400000e+01  -5.2942267e+01
  -7.4300000e+01  -5.5113634e+01
  -7.4200000e+01  -5.7932099e+01
  -7.4100000e+01  -6.1583068e+01
  -7.4000000e+01  -6.4439117e+01
  -7.3900000e+01  -6.2020815e+01
  -7.3800000e+01  -5.8188200e+01
  -7.3700000e+01  -5.5165524e+01
  -7.3600000e+01  -5.2825161e+01
  -7.3500000e+01  -5.0944665e+01
  -7.3400000e+01  -4.9382631e+01
  -7.3300000e+01  -4.8051747e+01
  -7.3200000e+01  -4.6895837e+01
  -7.3100000e+01  -4.5877066e+01
  -7.3000000e+01  -4.4968902e+01
  -7.2900000e+01  -4.4152095e+01
  -7.2800000e+01  -4.3412271e+01
  -7.2700000e+01  -4.2738439e+01
  -7.2600000e+01  -4.2122019e+01
  -7.2500000e+01  -4.1556199e+01
  -7.2400000e+01  -4.1035483e+01
  -7.2300000e+01  -4.0555386e+01
  -7.2200000e+01  -4.0112200e+01
  -7.2100000e+01  -3.9702833e+01
  -7.2000000e+01  -3.9324681e+01
  -7.1900000e+01  -3.8975538e+01
  -7.1800000e+01  -3.8653517e+01
  -7.1700000e+01  -3.8357002e+01
  -7.1600000e+01  -3.8084596e+01
  -7.1500000e+01  -3.7835090e+01
  -7.1400000e+01  -3.7607434e+01
  -7.1300000e+01  -3.7400715e+01
  -7.1200000e+01  -3.7214139e+01
  -7.1100000e+01  -3.7047016e+01
  -7.1000000e+01  -3.6898750e+01
  -7.0900000e+01  -3.6768831e+01
  -7.0800000e+01  -3.6656825e+01
  -7.0700000e+01  -3.6562374e+01
  -7.0600000e+01  -3.6485189e+01
  -7.0500000e+01  -3.6425051e+01
  -7.0400000e+01  -3.6381814e+01
  -7.0300000e+01  -3.6355399e+01
  -7.0200000e+01  -3.6345805e+01
  -7.0100000e+01  -3.6353111e+01
  -7.0000000e+01  -3.6377481e+01
  -6.9900000e+01  -3.6419176e+01
  -6.9800000e+01  -3.6478559e+01
  -6.9700000e+01  -3.6556113e+01
  -6.9600000e+01  -3.6652452e+01
  -6.9500000e+01  -3.6768340e+01
  -6.9400000e+01  -3.6904714e+01
  -6.9300000e+01  -3.7062709e+01
  -6.9200000e+01  -3.7243688e+01
  -6.9100000e+01  -3.7449283e+01
  -6.9000000e+01  -3.7681440e+01
  -6.8900000e+01  -3.7942481e+01
  -6.8800000e+01  -3.8235175e+01
  -6.8700000e+01  -3.8562837e+01
  -6.8600000e+01  -3.8929448e+01
  -6.8500000e+01  -3.9339820e+01
  -6.8400000e+01  -3.9799815e+01
  -6.8300000e+01  -4.0316631e+01
  -6.8200000e+01  -4.0899212e+01
  -6.8100000e+01  -4.1558798e+01
  -6.8000000e+01  -4.2309705e+01
  -6.7900000e+01  -4.3170401e+01
  -6.7800000e+01  -4.4164932e+01
  -6.7700000e+01  -4.5324574e+01
  -6.7600000e+01  -4.6688609e+01
  -6.7500000e+01  -4.8299155e+01
  -6.7400000e+01  -5.0168443e+01
  -6.7300000e+01  -5.2138187e+01
  -6.7200000e+01  -5.3500156e+01
  -6.7100000e+01  -5.3123817e+01
  -6.7000000e+01  -5.1249773e+01
  -6.6900000e+01  -4.9028121e+01
  -6.6800000e+01  -4.6983200e+01
  -6.6700000e+01  -4.5204344e+01
  -6.6600000e+01  -4.3665716e+01
  -6.6500000e+01  -4.2325422e+01
  -6.6400000e+01  -4.1146963e+01
  -6.6300000e+01  -4.0101860e+01
  -6.6200000e+01  -3.9168420e+01
  -6.6100000e+01  -3.8330102e+01
  -6.6000000e+01  -3.7574175e+01
  -6.5900000e+01  -3.6890726e+01
  -6.5800000e+01  -3.6271946e+01
  -6.5700000e+01  -3.5711616e+01
  -6.5600000e+01  -3.5204740e+01
  -6.5500000e+01  -3.4747268e+01
  -6.5400000e+01  -3.4335900e+01
  -6.5300000e+01  -3.3967930e+01
  -6.5200000e+01  -3.3641138e+01
  -6.5100000e+01  -3.3353692e+01
  -6.5000000e+01  -3.3104089e+01
  -6.4900000e+01  -3.2891090e+01
  -6.4800000e+01  -3.2713687e+01
  -6.4700000e+01  -3.2571058e+01
  -6.4600000e+01  -3.2462541e+01
  -6.4500000e+01  -3.2387611e+01
  -6.4400000e+01  -3.2345856e+01
  -6.4300000e+01  -3.2336956e+01
  -6.4200000e+01  -3.2360668e+01
  -6.4100000e+01  -3.2416806e+01
  -6.4000000e+01  -3.2505223e+01
  -6.3900000e+01  -3.2625791e+01
  -6.3800000e+01  -3.2778379e+01
  -6.3700000e+01  -3.2962827e+01
  -6.3600000e+01  -3.3178915e+01
  -6.3500000e+01  -3.3426327e+01
  -6.3400000e+01  -3.3704598e+01
  -6.3300000e+01  -3.4013058e+01
  -6.3200000e+01  -3.4350750e+01
  -6.3100000e+01  -3.4716332e+01
  -6.3000000e+01  -3.5107939e+01
  -6.2900000e+01  -3.5523013e+01
  -6.2800000e+01  -3.5958071e+01
  -6.2700000e+01  -3.6408419e+01
  -6.2600000e+01  -3.6867783e+01
  -6.2500000e+01  -3.7327881e+01
  -6.2400000e+01  -3.7777949e+01
  -6.2300000e+01  -3.8204341e+01
  -6.2200000e+01  -3.8590353e+01
  -6.2100000e+01  -3.8916569e+01
  -6.2000000e+01  -3.9162064e+01
  -6.1900000e+01  -3.9306674e+01
  -6.1800000e+01  -3.9334147e+01
  -6.1700000e+01  -3.9235371e+01
  -6.1600000e+01  -3.9010469e+01
  -6.1500000e+01  -3.8668820e+01
  -6.1400000e+01  -3.8226995e+01
  -6.1300000e+01  -3.7705534e+01
  -6.1200000e+01  -3.7125800e+01
  -6.1100000e+01  -3.6507683e+01
  -6.1000000e+01  -3.5868394e+01
  -6.0900000e+01  -3.5222106e+01
  -6.0800000e+01  -3.4580124e+01
  -6.0700000e+01  -3.3951294e+01
  -6.0600000e+01  -3.3342475e+01
  -6.0500000e+01  -3.2758976e+01
  -6.0400000e+01  -3.2204924e+01
  -6.0300000e+01  -3.1683568e+01
  -6.0200000e+01  -3.1197510e+01
  -6.0100000e+01  -3.0748893e+01
  -6.0000000e+01  -3.0339542e+01
  -5.9900000e+01  -2.9971081e+01
  -5.9800000e+01  -2.9645026e+01
  -5.9700000e+01  -2.9362867e+01
  -5.9600000e+01  -2.9126139e+01
  -5.9500000e+01  -2.8936486e+01
  -5.9400000e+01  -2.8795736e+01
  -5.9300000e+01  -2.8705964e+01
  -5.9200000e+01  -2.8669581e+01
  -5.9100000e+01  -2.8689426e+01
  -5.9000000e+01  -2.8768892e+01
  -5.8900000e+01  -2.8912076e+01
  -5.8800000e+01  -2.9123986e+01
  -5.8700000e+01  -2.9410821e+01
  -5.8600000e+01  -2.9780366e+01
  -5.8500000e+01  -3.0242557e+01
  -5.8400000e+01  -3.0810328e+01
  -5.8300000e+01  -3.1500929e+01
  -5.8200000e+01  -3.2338049e+01
  -5.8100000e+01  -3.3355453e+01
  -5.8000000e+01  -3.4603630e+01
  -5.7900000e+01  -3.6163043e+01
  -5.7800000e+01  -3.8173862e+01
  -5.7700000e+01  -4.0915177e+01
  -5.7600000e+01  -4.5083905e+01
  -5.7500000e+01  -5.3553596e+01
  -5.7400000e+01  -5.6321938e+01
  -5.7300000e+01  -4.6038220e+01
  -5.7200000e+01  -4.1477981e+01
  -5.7100000e+01  -3.8567682e+01
  -5.7000000e+01  -3.6466663e+01
  -5.6900000e+01  -3.4857397e+01
  -5.6800000e+01  -3.3585984e+01
  -5.6700000e+01  -3.2566618e+01
  -5.6600000e+01  -3.1747060e+01
  -5.6500000e+01  -3.1093650e+01
  -5.6400000e+01  -3.0583954e+01
  -5.6300000e+01  -3.0202840e+01
  -5.6200000e+01  -2.9940256e+01
  -5.6100000e+01  -2.9789940e+01
  -5.6000000e+01  -2.9748674e+01
  -5.5900000e+01  -2.9815896e+01
  -5.5800000e+01  -2.9993583e+01
  -5.5700000e+01  -3.0286357e+01
  -5.5600000e+01  -3.0701822e+01
  -5.5500000e+01  -3.1251176e+01
  -5.5400000e+01  -3.1950134e+01
  -5.5300000e+01  -3.2820216e+01
  -5.5200000e+01  -3.3890188e+01
  -5.5100000e+01  -3.5196519e+01
  -5.5000000e+01  -3.6777592e+01
  -5.4900000e+01  -3.8640049e+01
  -5.4800000e+01  -4.0619511e+01
  -5.4700000e+01  -4.2019922e+01
  -5.4600000e+01  -4.1757917e+01
  -5.4500000e+01  -4.0060202e+01
  -5.4400000e+01  -3.8032672e+01
  -5.4300000e+01  -3.6195065e+01
  -5.4200000e+01  -3.4641910e+01
  -5.4100000e+01  -3.3350591e+01
  -5.4000000e+01  -3.2280544e+01
  -5.3900000e+01  -3.1395591e+01
  -5.3800000e+01  -3.0667012e+01
  -5.3700000e+01  -3.0072488e+01
  -5.3600000e+01  -2.9594517e+01
  -5.3500000e+01  -2.9219039e+01
  -5.3400000e+01  -2.8934384e+01
  -5.3300000e+01  -2.8730456e+01
  -5.3200000e+01  -2.8598110e+01
  -5.3100000e+01  -2.8528661e+01
  -5.3000000e+01  -2.8513501e+01
  -5.2900000e+01  -2.8543829e+01
  -5.2800000e+01  -2.8610509e+01
  -5.2700000e+01  -2.8704093e+01
  -5.2600000e+01  -2.8815047e+01
  -5.2500000e+01  -2.8934210e+01
  -5.2400000e+01  -2.9053465e+01
  -5.2300000e+01  -2.9166528e+01
  -5.2200000e+01  -2.9269721e+01
  -5.2100000e+01  -2.9362522e+01
  -5.2000000e+01  -2.9447754e+01
  -5.1900000e+01  -2.9531350e+01
  -5.1800000e+01  -2.9621774e+01
  -5.1700000e+01  -2.9729249e+01
  -5.1600000e+01  -2.9864988e+01
  -5.1500000e+01  -3.0040540e+01
  -5.1400000e+01  -3.0267330e+01
  -5.1300000e+01  -3.0556347e+01
  -5.1200000e+01  -3.0917896e+01
  -5.1100000e+01  -3.1361248e+01
  -5.1000000e+01  -3.1893881e+01
  -5.0900000e+01  -3.2519852e+01
  -5.0800000e+01  -3.3236361e+01
  -5.0700000e+01  -3.4027078e+01
  -5.0600000e+01  -3.4850456e+01
  -5.0500000e+01  -3.5623720e+01
  -5.0400000e+01  -3.6214075e+01
  -5.0300000e+01  -3.6467801e+01
  -5.0200000e+01  -3.6294764e+01
  -5.0100000e+01  -3.5738778e+01
  -5.0000000e+01  -3.4942091e+01
  -4.9900000e+01  -3.4052796e+01
  -4.9800000e+01  -3.3173522e+01
  -4.9700000e+01  -3.2360333e+01
  -4.9600000e+01  -3.1638387e+01
  -4.9500000e+01  -3.1015669e+01
  -4.9400000e+01  -3.0491399e+01
  -4.9300000e+01  -3.0060475e+01
  -4.9200000e+01  -2.9715632e+01
  -4.9100000e+01  -2.9448402e+01
  -4.9000000e+01  -2.9249473e+01
  -4.8900000e+01  -2.9108801e+01
  -4.8800000e+01  -2.9015669e+01
  -4.8700000e+01  -2.8958838e+01
  -4.8600000e+01  -2.8926893e+01
  -4.8500000e+01  -2.8908852e+01
  -4.8400000e+01  -2.8895014e+01
  -4.8300000e+01  -2.8877937e+01
  -4.8200000e+01  -2.8853338e+01
  -4.8100000e+01  -2.8820668e+01
  -4.8000000e+01  -2.8783174e+01
  -4.7900000e+01  -2.8747414e+01
  -4.7800000e+01  -2.8722364e+01
  -4.7700000e+01  -2.8718322e+01
  -4.7600000e+01  -2.8745846e+01
  -4.7500000e+01  -2.8814821e+01
  -4.7400000e+01  -2.8933668e+01
  -4.7300000e+01  -2.9108585e+01
  -4.7200000e+01  -2.9342641e+01
  -4.7100000e+01  -2.9634497e+01
  -4.7000000e+01  -2.9976523e+01
  -4.6900000e+01  -3.0352215e+01
  -4.6800000e+01  -3.0733315e+01
  -4.6700000e+01  -3.1078095e+01
  -4.6600000e+01  -3.1333978e+01
  -4.6500000e+01  -3.1448064e+01
  -4.6400000e+01  -3.1385023e+01
  -4.6300000e+01  -3.1143083e+01
  -4.6200000e+01  -3.0755804e+01
  -4.6100000e+01  -3.0278181e+01
  -4.6000000e+01  -2.9768326e+01
  -4.5900000e+01  -2.9275469e+01
  -4.5800000e+01  -2.8836320e+01
  -4.5700000e+01  -2.8476529e+01
  -4.5600000e+01  -2.8213850e+01
  -4.5500000e+01  -2.8061222e+01
  -4.5400000e+01  -2.8029232e+01
  -4.5300000e+01  -2.8127965e+01
  -4.5200000e+01  -2.8368442e+01
  -4.5100000e+01  -2.8763792e+01
  -4.5000000e+01  -2.9330215e+01
  -4.4900000e+01  -3.0087455e+01
  -4.4800000e+01  -3.1057590e+01
  -4.4700000e+01  -3.2258075e+01
  -4.4600000e+01  -3.3676237e+01
  -4.4500000e+01  -3.5190914e+01
  -4.4400000e+01  -3.6405958e+01
  -4.4300000e+01  -3.6643759e+01
  -4.4200000e+01  -3.5679455e+01
  -4.4100000e+01  -3.4097736e+01
  -4.4000000e+01  -3.2468512e+01
  -4.3900000e+01  -3.1022371e+01
  -4.3800000e+01  -2.9810058e+01
  -4.3700000e+01  -2.8824338e+01
  -4.3600000e+01  -2.8045022e+01
  -4.3500000e+01  -2.7452413e+01
  -4.3400000e+01  -2.7030597e+01
  -4.3300000e+01  -2.6767722e+01
  -4.3200000e+01  -2.6655486e+01
  -4.3100000e+01  -2.6688440e+01
  -4.3000000e+01  -2.6863227e+01
  -4.2900000e+01  -2.7177603e+01
  -4.2800000e+01  -2.7628944e+01
  -4.2700000e+01  -2.8211621e+01
  -4.2600000e+01  -2.8912208e+01
  -4.2500000e+01  -2.9701007e+01
  -4.2400000e+01  -3.0518959e+01
  -4.2300000e+01  -3.1263950e+01
  -4.2200000e+01  -3.1794620e+01
  -4.2100000e+01  -3.1980435e+01
  -4.2000000e+01  -3.1785135e+01
  -4.1900000e+01  -3.1295445e+01
  -4.1800000e+01  -3.0656546e+01
  -4.1700000e+01  -2.9995770e+01
  -4.1600000e+01  -2.9395250e+01
  -4.1500000e+01  -2.8899011e+01
  -4.1400000e+01  -2.8527359e+01
  -4.1300000e+01  -2.8287674e+01
  -4.1200000e+01  -2.8180555e+01
  -4.1100000e+01  -2.8202667e+01
  -4.1000000e+01  -2.8347420e+01
  -4.0900000e+01  -2.8604054e+01
  -4.0800000e+01  -2.8955246e+01
  -4.0700000e+01  -2.9373313e+01
  -4.0600000e+01  -2.9815666e+01
  -4.0500000e+01  -3.0222054e+01
  -4.0400000e+01  -3.0519110e+01
  -4.0300000e+01  -3.0638035e+01
  -4.0200000e+01  -3.0541948e+01
  -4.0100000e+01  -3.0243997e+01
  -4.0000000e+01  -2.9799304e+01
  -3.9900000e+01  -2.9278509e+01
  -3.9800000e+01  -2.8744507e+01
  -3.9700000e+01  -2.8242695e+01
  -3.9600000e+01  -2.7801345e+01
  -3.9500000e+01  -2.7435766e+01
  -3.9400000e+01  -2.7152540e+01
  -3.9300000e+01  -2.6952637e+01
  -3.9200000e+01  -2.6833378e+01
  -3.9100000e+01  -2.6789547e+01
  -3.9000000e+01  -2.6813935e+01
  -3.8900000e+01  -2.6897539e+01
  -3.8800000e+01  -2.7029568e+01
  -3.8700000e+01  -2.7197416e+01
  -3.8600000e+01  -2.7386707e+01
  -3.8500000e+01  -2.7581563e+01
  -3.8400000e+01  -2.7765220e+01
  -3.8300000e+01  -2.7921061e+01
  -3.8200000e+01  -2.8034037e+01
  -3.8100000e+01  -2.8092246e+01
  -3.8000000e+01  -2.8088352e+01
  -3.7900000e+01  -2.8020423e+01
  -3.7800000e+01  -2.7891994e+01
  -3.7700000e+01  -2.7711351e+01
  -3.7600000e+01  -2.7490321e+01
  -3.7500000e+01  -2.7242902e+01
  -3.7400000e+01  -2.6984028e+01
  -3.7300000e+01  -2.6728625e+01
  -3.7200000e+01  -2.6490991e+01
  -3.7100000e+01  -2.6284457e+01
  -3.7000000e+01  -2.6121249e+01
  -3.6900000e+01  -2.6012507e+01
  -3.6800000e+01  -2.5968359e+01
  -3.6700000e+01  -2.5998030e+01
  -3.6600000e+01  -2.6109904e+01
  -3.6500000e+01  -2.6311473e+01
  -3.6400000e+01  -2.6609048e+01
  -3.6300000e+01  -2.7007035e+01
  -3.6200000e+01  -2.7506410e+01
  -3.6100000e+01  -2.8101826e+01
  -3.6000000e+01  -2.8776503e+01
  -3.5900000e+01  -2.9494296e+01
  -3.5800000e+01  -3.0190278e+01
  -3.5700000e+01  -3.0767431e+01
  -3.5600000e+01  -3.1115526e+01
  -3.5500000e+01  -3.1160728e+01
  -3.5400000e+01  -3.0913581e+01
  -3.5300000e+01  -3.0463065e+01
  -3.5200000e+01  -2.9923900e+01
  -3.5100000e+01  -2.9391704e+01
  -3.5000000e+01  -2.8929469e+01
  -3.4900000e+01  -2.8572851e+01
  -3.4800000e+01  -2.8339317e+01
  -3.4700000e+01  -2.8234981e+01
  -3.4600000e+01  -2.8258224e+01
  -3.4500000e+01  -2.8400612e+01
  -3.4400000e+01  -2.8645640e+01
  -3.4300000e+01  -2.8965823e+01
  -3.4200000e+01  -2.9319198e+01
  -3.4100000e+01  -2.9648060e+01
  -3.4000000e+01  -2.9885049e+01
  -3.3900000e+01  -2.9970807e+01
  -3.3800000e+01  -2.9878152e+01
  -3.3700000e+01  -2.9625737e+01
  -3.3600000e+01  -2.9268772e+01
  -3.3500000e+01  -2.8875477e+01
  -3.3400000e+01  -2.8507264e+01
  -3.3300000e+01  -2.8210568e+01
  -3.3200000e+01  -2.8017280e+01
  -3.3100000e+01  -2.7948469e+01
  -3.3000000e+01  -2.8018197e+01
  -3.2900000e+01  -2.8236318e+01
  -3.2800000e+01  -2.8610047e+01
  -3.2700000e+01  -2.9144265e+01
  -3.2600000e+01  -2.9840247e+01
  -3.2500000e+01  -3.0691991e+01
  -3.2400000e+01  -3.1678598e+01
  -3.2300000e+01  -3.2751055e+01
  -3.2200000e+01  -3.3815458e+01
  -3.2100000e+01  -3.4728886e+01
  -3.2000000e+01  -3.5342860e+01
  -3.1900000e+01  -3.5598195e+01
  -3.1800000e+01  -3.5576889e+01
  -3.1700000e+01  -3.5438635e+01
  -3.1600000e+01  -3.5324731e+01
  -3.1500000e+01  -3.5313432e+01
  -3.1400000e+01  -3.5412753e+01
  -3.1300000e+01  -3.5554771e+01
  -3.1200000e+01  -3.5588097e+01
  -3.1100000e+01  -3.5311603e+01
  -3.1000000e+01  -3.4595214e+01
  -3.0900000e+01  -3.3493056e+01
  -3.0800000e+01  -3.2190580e+01
  -3.0700000e+01  -3.0868059e+01
  -3.0600000e+01  -2.9638422e+01
  -3.0500000e+01  -2.8556230e+01
  -3.0400000e+01  -2.7642157e+01
  -3.0300000e+01  -2.6900475e+01
  -3.0200000e+01  -2.6328439e+01
  -3.0100000e+01  -2.5920682e+01
  -3.0000000e+01  -2.5670946e+01
  -2.9900000e+01  -2.5572373e+01
  -2.9800000e+01  -2.5616822e+01
  -2.9700000e+01  -2.5793284e+01
  -2.9600000e+01  -2.6085266e+01
  -2.9500000e+01  -2.6466999e+01
  -2.9400000e+01  -2.6898978e+01
  -2.9300000e+01  -2.7324991e+01
  -2.9200000e+01  -2.7675623e+01
  -2.9100000e+01  -2.7883974e+01
  -2.9000000e+01  -2.7911592e+01
  -2.8900000e+01  -2.7767888e+01
  -2.8800000e+01  -2.7505439e+01
  -2.8700000e+01  -2.7195641e+01
  -2.8600000e+01  -2.6904991e+01
  -2.8500000e+01  -2.6683737e+01
  -2.8400000e+01  -2.6564841e+01
  -2.8300000e+01  -2.6566965e+01
  -2.8200000e+01  -2.6697285e+01
  -2.8100000e+01  -2.6952295e+01
  -2.8000000e+01  -2.7315990e+01
  -2.7900000e+01  -2.7755486e+01
  -2.7800000e+01  -2.8215706e+01
  -2.7700000e+01  -2.8618493e+01
  -2.7600000e+01  -2.8876006e+01
  -2.7500000e+01  -2.8923660e+01
  -2.7400000e+01  -2.8755289e+01
  -2.7300000e+01  -2.8427837e+01
  -2.7200000e+01  -2.8030690e+01
  -2.7100000e+01  -2.7650151e+01
  -2.7000000e+01  -2.7352201e+01
  -2.6900000e+01  -2.7181979e+01
  -2.6800000e+01  -2.7170028e+01
  -2.6700000e+01  -2.7339076e+01
  -2.6600000e+01  -2.7709456e+01
  -2.6500000e+01  -2.8303274e+01
  -2.6400000e+01  -2.9147767e+01
  -2.6300000e+01  -3.0277797e+01
  -2.6200000e+01  -3.1734984e+01
  -2.6100000e+01  -3.3551137e+01
  -2.6000000e+01  -3.5664411e+01
  -2.5900000e+01  -3.7620509e+01
  -2.5800000e+01  -3.8258622e+01
  -2.5700000e+01  -3.7109756e+01
  -2.5600000e+01  -3.5293949e+01
  -2.5500000e+01  -3.3616796e+01
  -2.5400000e+01  -3.2263271e+01
  -2.5300000e+01  -3.1215653e+01
  -2.5200000e+01  -3.0417880e+01
  -2.5100000e+01  -2.9813735e+01
  -2.5000000e+01  -2.9353654e+01
  -2.4900000e+01  -2.8995748e+01
  -2.4800000e+01  -2.8706883e+01
  -2.4700000e+01  -2.8464438e+01
  -2.4600000e+01  -2.8257766e+01
  -2.4500000e+01  -2.8088142e+01
  -2.4400000e+01  -2.7966715e+01
  -2.4300000e+01  -2.7910977e+01
  -2.4200000e+01  -2.7940775e+01
  -2.4100000e+01  -2.8074503e+01
  -2.4000000e+01  -2.8325267e+01
  -2.3900000e+01  -2.8695804e+01
  -2.3800000e+01  -2.9170064e+01
  -2.3700000e+01  -2.9699486e+01
  -2.3600000e+01  -3.0186546e+01
  -2.3500000e+01  -3.0483830e+01
  -2.3400000e+01  -3.0444604e+01
  -2.3300000e+01  -3.0020721e+01
  -2.3200000e+01  -2.9305275e+01
  -2.3100000e+01  -2.8461179e+01
  -2.3000000e+01  -2.7631148e+01
  -2.2900000e+01  -2.6906430e+01
  -2.2800000e+01  -2.6336298e+01
  -2.2700000e+01  -2.5945156e+01
  -2.2600000e+01  -2.5744819e+01
  -2.2500000e+01  -2.5741131e+01
  -2.2400000e+01  -2.5936437e+01
  -2.2300000e+01  -2.6328542e+01
  -2.2200000e+01  -2.6905262e+01
  -2.2100000e+01  -2.7631784e+01
  -2.2000000e+01  -2.8427629e+01
  -2.1900000e+01  -2.9139442e+01
  -2.1800000e+01  -2.9551008e+01
  -2.1700000e+01  -2.9495455e+01
  -2.1600000e+01  -2.9001345e+01
  -2.1500000e+01  -2.8266641e+01
  -2.1400000e+01  -2.7502082e+01
  -2.1300000e+01  -2.6846202e+01
  -2.1200000e+01  -2.6370915e+01
  -2.1100000e+01  -2.6109800e+01
  -2.1000000e+01  -2.6078447e+01
  -2.0900000e+01  -2.6284296e+01
  -2.0800000e+01  -2.6728328e+01
  -2.0700000e+01  -2.7398106e+01
  -2.0600000e+01  -2.8246483e+01
  -2.0500000e+01  -2.9146976e+01
  -2.0400000e+01  -2.9840729e+01
  -2.0300000e+01  -2.9990571e+01
  -2.0200000e+01  -2.9458660e+01
  -2.0100000e+01  -2.8466899e+01
  -2.0000000e+01  -2.7348832e+01
  -1.9900000e+01  -2.6323557e+01
  -1.9800000e+01  -2.5489014e+01
  -1.9700000e+01  -2.4878653e+01
  -1.9600000e+01  -2.4499773e+01
  -1.9500000e+01  -2.4351292e+01
  -1.9400000e+01  -2.4430710e+01
  -1.9300000e+01  -2.4735942e+01
  -1.9200000e+01  -2.5263935e+01
  -1.9100000e+01  -2.6005444e+01
  -1.9000000e+01  -2.6932943e+01
  -1.8900000e+01  -2.7976646e+01
  -1.8800000e+01  -2.8989272e+01
  -1.8700000e+01  -2.9735778e+01
  -1.8600000e+01  -2.9997377e+01
  -1.8500000e+01  -2.9764213e+01
  -1.8400000e+01  -2.9249627e+01
  -1.8300000e+01  -2.8702229e+01
  -1.8200000e+01  -2.8286907e+01
  -1.8100000e+01  -2.8087374e+01
  -1.8000000e+01  -2.8139773e+01
  -1.7900000e+01  -2.8453291e+01
  -1.7800000e+01  -2.9011013e+01
  -1.7700000e+01  -2.9747394e+01
  -1.7600000e+01  -3.0497580e+01
  -1.7500000e+01  -3.0955636e+01
  -1.7400000e+01  -3.0796050e+01
  -1.7300000e+01  -2.9986846e+01
  -1.7200000e+01  -2.8823820e+01
  -1.7100000e+01  -2.7621885e+01
  -1.7000000e+01  -2.6557401e+01
  -1.6900000e+01  -2.5699533e+01
  -1.6800000e+01  -2.5066000e+01
  -1.6700000e+01  -2.4654426e+01
  -1.6600000e+01  -2.4455652e+01
  -1.6500000e+01  -2.4458356e+01
  -1.6400000e+01  -2.4649731e+01
  -1.6300000e+01  -2.5014107e+01
  -1.6200000e+01  -2.5530252e+01
  -1.6100000e+01  -2.6167955e+01
  -1.6000000e+01  -2.6885430e+01
  -1.5900000e+01  -2.7631025e+01
  -1.5800000e+01  -2.8354068e+01
  -1.5700000e+01  -2.9026106e+01
  -1.5600000e+01  -2.9663479e+01
  -1.5500000e+01  -3.0336481e+01
  -1.5400000e+01  -3.1163157e+01
  -1.5300000e+01  -3.2306040e+01
  -1.5200000e+01  -3.4001195e+01
  -1.5100000e+01  -3.6677803e+01
  -1.5000000e+01  -4.1424902e+01
  -1.4900000e+01  -5.0351942e+01
  -1.4800000e+01  -4.1987139e+01
  -1.4700000e+01  -3.5884122e+01
  -1.4600000e+01  -3.2249691e+01
  -1.4500000e+01  -2.9776118e+01
  -1.4400000e+01  -2.8011579e+01
  -1.4300000e+01  -2.6755426e+01
  -1.4200000e+01  -2.5906084e+01
  -1.4100000e+01  -2.5410519e+01
  -1.4000000e+01  -2.5244369e+01
  -1.3900000e+01  -2.5403792e+01
  -1.3800000e+01  -2.5902725e+01
  -1.3700000e+01  -2.6772468e+01
  -1.3600000e+01  -2.8058449e+01
  -1.3500000e+01  -2.9792647e+01
  -1.3400000e+01  -3.1845544e+01
  -1.3300000e+01  -3.3418329e+01
  -1.3200000e+01  -3.3046137e+01
  -1.3100000e+01  -3.1102596e+01
  -1.3000000e+01  -2.9030638e+01
  -1.2900000e+01  -2.7360447e+01
  -1.2800000e+01  -2.6146085e+01
  -1.2700000e+01  -2.5350098e+01
  -1.2600000e+01  -2.4937372e+01
  -1.2500000e+01  -2.4892258e+01
  -1.2400000e+01  -2.5222529e+01
  -1.2300000e+01  -2.5965300e+01
  -1.2200000e+01  -2.7202400e+01
  -1.2100000e+01  -2.9100068e+01
  -1.2000000e+01  -3.2024111e+01
  -1.1900000e+01  -3.6971097e+01
  -1.1800000e+01  -4.6539211e+01
  -1.1700000e+01  -3.9343477e+01
  -1.1600000e+01  -3.3407136e+01
  -1.1500000e+01  -3.0138516e+01
  -1.1400000e+01  -2.8105066e+01
  -1.1300000e+01  -2.6832688e+01
  -1.1200000e+01  -2.6122634e+01
  -1.1100000e+01  -2.5887158e+01
  -1.1000000e+01  -2.6098890e+01
  -1.0900000e+01  -2.6776464e+01
  -1.0800000e+01  -2.7988584e+01
  -1.0700000e+01  -2.9872996e+01
  -1.0600000e+01  -3.2642218e+01
  -1.0500000e+01  -3.6143602e+01
  -1.0400000e+01  -3.6928720e+01
  -1.0300000e+01  -3.3456707e+01
  -1.0200000e+01  -3.0176975e+01
  -1.0100000e+01  -2.7822975e+01
  -1.0000000e+01  -2.6182375e+01
  -9.9000000e+00  -2.5080529e+01
  -9.8000000e+00  -2.4414299e+01
  -9.7000000e+00  -2.4126356e+01
  -9.6000000e+00  -2.4188462e+01
  -9.5000000e+00  -2.4592269e+01
  -9.4000000e+00  -2.5342857e+01
  -9.3000000e+00  -2.6448379e+01
  -9.2000000e+00  -2.7889250e+01
  -9.1000000e+00  -2.9521682e+01
  -9.0000000e+00  -3.0867261e+01
  -8.9000000e+00  -3.1145365e+01
  -8.8000000e+00  -3.0240901e+01
  -8.7000000e+00  -2.8903994e+01
  -8.6000000e+00  -2.7712965e+01
  -8.5000000e+00  -2.6871304e+01
  -8.4000000e+00  -2.6426734e+01
  -8.3000000e+00  -2.6392868e+01
  -8.2000000e+00  -2.6793209e+01
  -8.1000000e+00  -2.7682808e+01
  -8.0000000e+00  -2.9173653e+01
  -7.9000000e+00  -3.1481865e+01
  -7.8000000e+00  -3.4975483e+01
  -7.7000000e+00  -3.9171104e+01
  -7.6000000e+00  -3.7657384e+01
  -7.5000000e+00  -3.3271727e+01
  -7.4000000e+00  -3.0137077e+01
  -7.3000000e+00  -2.8029212e+01
  -7.2000000e+00  -2.6631493e+01
  -7.1000000e+00  -2.5771844e+01
  -7.0000000e+00  -2.5361599e+01
  -6.9000000e+00  -2.5360807e+01
  -6.8000000e+00  -2.5763599e+01
  -6.7000000e+00  -2.6594350e+01
  -6.6000000e+00  -2.7910159e+01
  -6.5000000e+00  -2.9801297e+01
  -6.4000000e+00  -3.2334229e+01
  -6.3000000e+00  -3.5088056e+01
  -6.2000000e+00  -3.5860704e+01
  -6.1000000e+00  -3.3793716e+01
  -6.0000000e+00  -3.1411022e+01
  -5.9000000e+00  -2.9659293e+01
  -5.8000000e+00  -2.8564720e+01
  -5.7000000e+00  -2.8056803e+01
  -5.6000000e+00  -2.8105742e+01
  -5.5000000e+00  -2.8744546e+01
  -5.4000000e+00  -3.0100546e+01
  -5.3000000e+00  -3.2500786e+01
  -5.2000000e+00  -3.6916581e+01
  -5.1000000e+00  -4.9366407e+01
  -5.0000000e+00  -4.1519102e+01
  -4.9000000e+00  -3.3806383e+01
  -4.8000000e+00  -2.9885241e+01
  -4.7000000e+00  -2.7391403e+01
  -4.6000000e+00  -2.5711699e+01
  -4.5000000e+00  -2.4598424e+01
  -4.4000000e+00  -2.3932408e+01
  -4.3000000e+00  -2.3654150e+01
  -4.2000000e+00  -2.3738818e+01
  -4.1000000e+00  -2.4187237e+01
  -4.0000000e+00  -2.5025224e+01
  -3.9000000e+00  -2.6310326e+01
  -3.8000000e+00  -2.8149580e+01
  -3.7000000e+00  -3.0737643e+01
  -3.6000000e+00  -3.4410283e+01
  -3.5000000e+00  -3.9174721e+01
  -3.4000000e+00  -4.0000476e+01
  -3.3000000e+00  -3.6286865e+01
  -3.2000000e+00  -3.3584750e+01
  -3.1000000e+00  -3.2062674e+01
  -3.0000000e+00  -3.1392064e+01
  -2.9000000e+00  -3.1357183e+01
  -2.8000000e+00  -3.1737711e+01
  -2.7000000e+00  -3.2115260e+01
  -2.6000000e+00  -3.1787233e+01
  -2.5000000e+00  -3.0366749e+01
  -2.4000000e+00  -2.8302100e+01
  -2.3000000e+00  -2.6153479e+01
  -2.2000000e+00  -2.4146025e+01
  -2.1000000e+00  -2.2296463e+01
  -2.0000000e+00  -2.0552142e+01
  -1.9000000e+00  -1.8854370e+01
  -1.8000000e+00  -1.7165344e+01
  -1.7000000e+00  -1.5476137e+01
  -1.6000000e+00  -1.3801312e+01
  -1.5000000e+00  -1.2167013e+01
  -1.4000000e+00  -1.0600123e+01
  -1.3000000e+00  -9.1222270e+00
  -1.2000000e+00  -7.7479680e+00
  -1.1000000e+00  -6.4858313e+00
  -1.0000000e+00  -5.3397265e+00
  -9.0000000e-01  -4.3105215e+00
  -8.0000000e-01  -3.3972409e+00
  -7.0000000e-01  -2.5979102e+00
  -6.0000000e-01  -1.9101132e+00
  -5.0000000e-01  -1.3313458e+00
  -4.0000000e-01  -8.5923200e-01
  -3.0000000e-01  -4.9165139e-01
  -2.0000000e-01  -2.2681014e-01
  -1.0000000e-01  -6.3277339e-02
   0.0000000e+00   0.0000000e+00
   1.0000000e-01  -3.6305043e-02
   2.0000000e-01  -1.7189314e-01
   3.0000000e-01  -4.0682710e-01
   4.0000000e-01  -7.4151589e-01
   5.0000000e-01  -1.1766948e+00
   6.0000000e-01  -1.7134021e+00
   7.0000000e-01  -2.3529521e+00
   8.0000000e-01  -3.0969097e+00
   9.0000000e-01  -3.9470717e+00
   1.0000000e+00  -4.9054734e+00
   1.1000000e+00  -5.9744550e+00
   1.2000000e+00  -7.1568503e+00
   1.3000000e+00  -8.4564119e+00
   1.4000000e+00  -9.8786644e+00
   1.5000000e+00  -1.1432497e+01
   1.6000000e+00  -1.3132995e+01
   1.7000000e+00  -1.5006319e+01
   1.8000000e+00  -1.7098123e+01
   1.9000000e+00  -1.9488542e+01
   2.0000000e+00  -2.2320685e+01
   2.1000000e+00  -2.5855438e+01
   2.2000000e+00  -3.0499126e+01
   2.3000000e+00  -3.5134596e+01
   2.4000000e+00  -3.3087277e+01
   2.5000000e+00  -2.9403680e+01
   2.6000000e+00  -2.6963473e+01
   2.7000000e+00  -2.5438451e+01
   2.8000000e+00  -2.4552789e+01
   2.9000000e+00  -2.4165223e+01
   3.0000000e+00  -2.4207848e+01
   3.1000000e+00  -2.4652762e+01
   3.2000000e+00  -2.5490719e+01
   3.3000000e+00  -2.6699845e+01
   3.4000000e+00  -2.8161284e+01
   3.5000000e+00  -2.9458435e+01
   3.6000000e+00  -2.9800756e+01
   3.7000000e+00  -2.8884642e+01
   3.8000000e+00  -2.7397903e+01
   3.9000000e+00  -2.5989002e+01
   4.0000000e+00  -2.4900280e+01
   4.1000000e+00  -2.4183169e+01
   4.2000000e+00  -2.3839058e+01
   4.3000000e+00  -2.3868152e+01
   4.4000000e+00  -2.4286690e+01
   4.5000000e+00  -2.5138847e+01
   4.6000000e+00  -2.6516620e+01
   4.7000000e+00  -2.8607799e+01
   4.8000000e+00  -3.1840371e+01
   4.9000000e+00  -3.7491646e+01
   5.0000000e+00  -4.8880125e+01
   5.1000000e+00  -3.8009430e+01
   5.2000000e+00  -3.2591357e+01
   5.3000000e+00  -2.9663770e+01
   5.4000000e+00  -2.7915435e+01
   5.5000000e+00  -2.6919119e+01
   5.6000000e+00  -2.6498086e+01
   5.7000000e+00  -2.6579507e+01
   5.8000000e+00  -2.7148518e+01
   5.9000000e+00  -2.8230459e+01
   6.0000000e+00  -2.9867719e+01
   6.1000000e+00  -3.2000143e+01
   6.2000000e+00  -3.3918239e+01
   6.3000000e+00  -3.3781204e+01
   6.4000000e+00  -3.1673163e+01
   6.5000000e+00  -2.9411277e+01
   6.6000000e+00  -2.7639185e+01
   6.7000000e+00  -2.6394390e+01
   6.8000000e+00  -2.5620071e+01
   6.9000000e+00  -2.5270836e+01
   7.0000000e+00  -2.5327070e+01
   7.1000000e+00  -2.5796415e+01
   7.2000000e+00  -2.6717081e+01
   7.3000000e+00  -2.8165249e+01
   7.4000000e+00  -3.0255875e+01
   7.5000000e+00  -3.3031384e+01
   7.6000000e+00  -3.5567553e+01
   7.7000000e+00  -3.4916436e+01
   7.8000000e+00  -3.2100668e+01
   7.9000000e+00  -2.9616972e+01
   8.0000000e+00  -2.7839938e+01
   8.1000000e+00  -2.6669647e+01
   8.2000000e+00  -2.6006351e+01
   8.3000000e+00  -2.5793417e+01
   8.4000000e+00  -2.6011636e+01
   8.5000000e+00  -2.6673966e+01
   8.6000000e+00  -2.7822474e+01
   8.7000000e+00  -2.9510984e+01
   8.8000000e+00  -3.1682241e+01
   8.9000000e+00  -3.3585752e+01
   9.0000000e+00  -3.3316342e+01
   9.1000000e+00  -3.1085325e+01
   9.2000000e+00  -2.8746411e+01
   9.3000000e+00  -2.6902482e+01
   9.4000000e+00  -2.5573649e+01
   9.5000000e+00  -2.4696185e+01
   9.6000000e+00  -2.4219452e+01
   9.7000000e+00  -2.4117366e+01
   9.8000000e+00  -2.4388400e+01
   9.9000000e+00  -2.5057936e+01
   1.0000000e+01  -2.6187519e+01
   1.0100000e+01  -2.7897777e+01
   1.0200000e+01  -3.0419762e+01
   1.0300000e+01  -3.4169129e+01
   1.0400000e+01  -3.8825335e+01
   1.0500000e+01  -3.7392311e+01
   1.0600000e+01  -3.2937617e+01
   1.0700000e+01  -2.9872668e+01
   1.0800000e+01  -2.7874655e+01
   1.0900000e+01  -2.6603735e+01
   1.1000000e+01  -2.5885622e+01
   1.1100000e+01  -2.5637538e+01
   1.1200000e+01  -2.5832896e+01
   1.1300000e+01  -2.6491675e+01
   1.1400000e+01  -2.7690903e+01
   1.1500000e+01  -2.9608520e+01
   1.1600000e+01  -3.2669431e+01
   1.1700000e+01  -3.8217590e+01
   1.1800000e+01  -5.7599476e+01
   1.1900000e+01  -3.9027763e+01
   1.2000000e+01  -3.3007918e+01
   1.2100000e+01  -2.9749013e+01
   1.2200000e+01  -2.7692582e+01
   1.2300000e+01  -2.6364930e+01
   1.2400000e+01  -2.5565285e+01
   1.2500000e+01  -2.5197721e+01
   1.2600000e+01  -2.5218785e+01
   1.2700000e+01  -2.5618274e+01
   1.2800000e+01  -2.6412427e+01
   1.2900000e+01  -2.7640921e+01
   1.3000000e+01  -2.9353100e+01
   1.3100000e+01  -3.1517758e+01
   1.3200000e+01  -3.3599649e+01
   1.3300000e+01  -3.3966711e+01
   1.3400000e+01  -3.2201804e+01
   1.3500000e+01  -2.9992656e+01
   1.3600000e+01  -2.8159221e+01
   1.3700000e+01  -2.6798361e+01
   1.3800000e+01  -2.5858172e+01
   1.3900000e+01  -2.5281309e+01
   1.4000000e+01  -2.5026528e+01
   1.4100000e+01  -2.5068241e+01
   1.4200000e+01  -2.5393443e+01
   1.4300000e+01  -2.5999102e+01
   1.4400000e+01  -2.6889795e+01
   1.4500000e+01  -2.8073920e+01
   1.4600000e+01  -2.9554070e+01
   1.4700000e+01  -3.1299776e+01
   1.4800000e+01  -3.3176944e+01
   1.4900000e+01  -3.4825823e+01
   1.5000000e+01  -3.5699734e+01
   1.5100000e+01  -3.5610740e+01
   1.5200000e+01  -3.4977269e+01
   1.5300000e+01  -3.4236187e+01
   1.5400000e+01  -3.3540949e+01
   1.5500000e+01  -3.2854938e+01
   1.5600000e+01  -3.2078745e+01
   1.5700000e+01  -3.1145472e+01
   1.5800000e+01  -3.0070428e+01
   1.5900000e+01  -2.8934324e+01
   1.6000000e+01  -2.7832107e+01
   1.6100000e+01  -2.6838015e+01
   1.6200000e+01  -2.5998416e+01
   1.6300000e+01  -2.5338314e+01
   1.6400000e+01  -2.4869685e+01
   1.6500000e+01  -2.4597453e+01
   1.6600000e+01  -2.4522714e+01
   1.6700000e+01  -2.4643610e+01
   1.6800000e+01  -2.4953854e+01
   1.6900000e+01  -2.5438166e+01
   1.7000000e+01  -2.6063152e+01
   1.7100000e+01  -2.6762746e+01
   1.7200000e+01  -2.7423607e+01
   1.7300000e+01  -2.7893038e+01
   1.7400000e+01  -2.8041471e+01
   1.7500000e+01  -2.7853791e+01
   1.7600000e+01  -2.7444486e+01
   1.7700000e+01  -2.6975950e+01
   1.7800000e+01  -2.6582546e+01
   1.7900000e+01  -2.6351889e+01
   1.8000000e+01  -2.6337651e+01
   1.8100000e+01  -2.6576155e+01
   1.8200000e+01  -2.7097590e+01
   1.8300000e+01  -2.7929954e+01
   1.8400000e+01  -2.9089901e+01
   1.8500000e+01  -3.0536036e+01
   1.8600000e+01  -3.2018835e+01
   1.8700000e+01  -3.2845431e+01
   1.8800000e+01  -3.2303141e+01
   1.8900000e+01  -3.0765227e+01
   1.9000000e+01  -2.9055228e+01
   1.9100000e+01  -2.7569336e+01
   1.9200000e+01  -2.6400768e+01
   1.9300000e+01  -2.5545817e+01
   1.9400000e+01  -2.4980895e+01
   1.9500000e+01  -2.4683562e+01
   1.9600000e+01  -2.4636617e+01
   1.9700000e+01  -2.4827074e+01
   1.9800000e+01  -2.5242615e+01
   1.9900000e+01  -2.5864642e+01
   2.0000000e+01  -2.6654965e+01
   2.0100000e+01  -2.7532448e+01
   2.0200000e+01  -2.8344572e+01
   2.0300000e+01  -2.8872929e+01
   2.0400000e+01  -2.8940096e+01
   2.0500000e+01  -2.8561003e+01
   2.0600000e+01  -2.7928167e+01
   2.0700000e+01  -2.7254228e+01
   2.0800000e+01  -2.6680063e+01
   2.0900000e+01  -2.6277482e+01
   2.1000000e+01  -2.6077434e+01
   2.1100000e+01  -2.6090575e+01
   2.1200000e+01  -2.6316943e+01
   2.1300000e+01  -2.6747472e+01
   2.1400000e+01  -2.7358267e+01
   2.1500000e+01  -2.8096288e+01
   2.1600000e+01  -2.8856830e+01
   2.1700000e+01  -2.9468998e+01
   2.1800000e+01  -2.9737930e+01
   2.1900000e+01  -2.9569117e+01
   2.2000000e+01  -2.9051686e+01
   2.2100000e+01  -2.8378298e+01
   2.2200000e+01  -2.7719737e+01
   2.2300000e+01  -2.7180746e+01
   2.2400000e+01  -2.6814044e+01
   2.2500000e+01  -2.6643326e+01
   2.2600000e+01  -2.6678619e+01
   2.2700000e+01  -2.6923977e+01
   2.2800000e+01  -2.7379905e+01
   2.2900000e+01  -2.8041311e+01
   2.3000000e+01  -2.8889395e+01
   2.3100000e+01  -2.9873164e+01
   2.3200000e+01  -3.0876781e+01
   2.3300000e+01  -3.1689424e+01
   2.3400000e+01  -3.2053079e+01
   2.3500000e+01  -3.1846790e+01
   2.3600000e+01  -3.1206039e+01
   2.3700000e+01  -3.0381563e+01
   2.3800000e+01  -2.9564515e+01
   2.3900000e+01  -2.8850869e+01
   2.4000000e+01  -2.8273699e+01
   2.4100000e+01  -2.7834416e+01
   2.4200000e+01  -2.7520362e+01
   2.4300000e+01  -2.7313487e+01
   2.4400000e+01  -2.7194912e+01
   2.4500000e+01  -2.7147913e+01
   2.4600000e+01  -2.7160324e+01
   2.4700000e+01  -2.7226447e+01
   2.4800000e+01  -2.7348175e+01
   2.4900000e+01  -2.7535085e+01
   2.5000000e+01  -2.7803551e+01
   2.5100000e+01  -2.8175245e+01
   2.5200000e+01  -2.8675358e+01
   2.5300000e+01  -2.9330382e+01
   2.5400000e+01  -3.0163974e+01
   2.5500000e+01  -3.1186401e+01
   2.5600000e+01  -3.2366127e+01
   2.5700000e+01  -3.3562859e+01
   2.5800000e+01  -3.4433435e+01
   2.5900000e+01  -3.4519358e+01
   2.6000000e+01  -3.3722028e+01
   2.6100000e+01  -3.2443867e+01
   2.6200000e+01  -3.1106999e+01
   2.6300000e+01  -2.9922126e+01
   2.6400000e+01  -2.8958611e+01
   2.6500000e+01  -2.8227725e+01
   2.6600000e+01  -2.7721746e+01
   2.6700000e+01  -2.7428123e+01
   2.6800000e+01  -2.7333311e+01
   2.6900000e+01  -2.7422099e+01
   2.7000000e+01  -2.7674067e+01
   2.7100000e+01  -2.8057061e+01
   2.7200000e+01  -2.8517573e+01
   2.7300000e+01  -2.8970919e+01
   2.7400000e+01  -2.9302373e+01
   2.7500000e+01  -2.9397684e+01
   2.7600000e+01  -2.9201601e+01
   2.7700000e+01  -2.8754326e+01
   2.7800000e+01  -2.8162551e+01
   2.7900000e+01  -2.7539822e+01
   2.8000000e+01  -2.6970868e+01
   2.8100000e+01  -2.6507135e+01
   2.8200000e+01  -2.6175402e+01
   2.8300000e+01  -2.5986839e+01
   2.8400000e+01  -2.5942730e+01
   2.8500000e+01  -2.6036838e+01
   2.8600000e+01  -2.6255007e+01
   2.8700000e+01  -2.6572530e+01
   2.8800000e+01  -2.6950046e+01
   2.8900000e+01  -2.7330278e+01
   2.9000000e+01  -2.7640792e+01
   2.9100000e+01  -2.7809432e+01
   2.9200000e+01  -2.7791708e+01
   2.9300000e+01  -2.7593075e+01
   2.9400000e+01  -2.7265867e+01
   2.9500000e+01  -2.6883947e+01
   2.9600000e+01  -2.6517118e+01
   2.9700000e+01  -2.6218937e+01
   2.9800000e+01  -2.6026123e+01
   2.9900000e+01  -2.5962820e+01
   3.0000000e+01  -2.6045390e+01
   3.0100000e+01  -2.6286182e+01
   3.0200000e+01  -2.6696144e+01
   3.0300000e+01  -2.7286472e+01
   3.0400000e+01  -2.8069436e+01
   3.0500000e+01  -2.9058034e+01
   3.0600000e+01  -3.0263224e+01
   3.0700000e+01  -3.1685133e+01
   3.0800000e+01  -3.3289643e+01
   3.0900000e+01  -3.4955635e+01
   3.1000000e+01  -3.6400563e+01
   3.1100000e+01  -3.7226397e+01
   3.1200000e+01  -3.7272353e+01
   3.1300000e+01  -3.6822918e+01
   3.1400000e+01  -3.6268968e+01
   3.1500000e+01  -3.5837019e+01
   3.1600000e+01  -3.5600163e+01
   3.1700000e+01  -3.5540612e+01
   3.1800000e+01  -3.5575927e+01
   3.1900000e+01  -3.5564967e+01
   3.2000000e+01  -3.5336449e+01
   3.2100000e+01  -3.4772081e+01
   3.2200000e+01  -3.3888715e+01
   3.2300000e+01  -3.2816354e+01
   3.2400000e+01  -3.1703050e+01
   3.2500000e+01  -3.0654434e+01
   3.2600000e+01  -2.9728282e+01
   3.2700000e+01  -2.8949914e+01
   3.2800000e+01  -2.8326615e+01
   3.2900000e+01  -2.7856446e+01
   3.3000000e+01  -2.7532640e+01
   3.3100000e+01  -2.7345284e+01
   3.3200000e+01  -2.7281364e+01
   3.3300000e+01  -2.7323755e+01
   3.3400000e+01  -2.7449564e+01
   3.3500000e+01  -2.7628404e+01
   3.3600000e+01  -2.7821783e+01
   3.3700000e+01  -2.7985497e+01
   3.3800000e+01  -2.8076767e+01
   3.3900000e+01  -2.8065466e+01
   3.4000000e+01  -2.7944369e+01
   3.4100000e+01  -2.7731715e+01
   3.4200000e+01  -2.7464164e+01
   3.4300000e+01  -2.7185197e+01
   3.4400000e+01  -2.6935534e+01
   3.4500000e+01  -2.6748474e+01
   3.4600000e+01  -2.6649242e+01
   3.4700000e+01  -2.6656367e+01
   3.4800000e+01  -2.6783503e+01
   3.4900000e+01  -2.7040882e+01
   3.5000000e+01  -2.7435940e+01
   3.5100000e+01  -2.7972653e+01
   3.5200000e+01  -2.8648693e+01
   3.5300000e+01  -2.9448626e+01
   3.5400000e+01  -3.0330411e+01
   3.5500000e+01  -3.1203932e+01
   3.5600000e+01  -3.1913039e+01
   3.5700000e+01  -3.2263545e+01
   3.5800000e+01  -3.2135122e+01
   3.5900000e+01  -3.1583515e+01
   3.6000000e+01  -3.0788430e+01
   3.6100000e+01  -2.9925035e+01
   3.6200000e+01  -2.9104308e+01
   3.6300000e+01  -2.8380343e+01
   3.6400000e+01  -2.7773239e+01
   3.6500000e+01  -2.7285888e+01
   3.6600000e+01  -2.6913192e+01
   3.6700000e+01  -2.6646534e+01
   3.6800000e+01  -2.6475789e+01
   3.6900000e+01  -2.6390117e+01
   3.7000000e+01  -2.6378196e+01
   3.7100000e+01  -2.6428212e+01
   3.7200000e+01  -2.6527767e+01
   3.7300000e+01  -2.6663809e+01
   3.7400000e+01  -2.6822650e+01
   3.7500000e+01  -2.6990130e+01
   3.7600000e+01  -2.7151984e+01
   3.7700000e+01  -2.7294428e+01
   3.7800000e+01  -2.7404969e+01
   3.7900000e+01  -2.7473364e+01
   3.8000000e+01  -2.7492585e+01
   3.8100000e+01  -2.7459603e+01
   3.8200000e+01  -2.7375769e+01
   3.8300000e+01  -2.7246685e+01
   3.8400000e+01  -2.7081558e+01
   3.8500000e+01  -2.6892185e+01
   3.8600000e+01  -2.6691806e+01
   3.8700000e+01  -2.6494017e+01
   3.8800000e+01  -2.6311921e+01
   3.8900000e+01  -2.6157527e+01
   3.9000000e+01  -2.6041404e+01
   3.9100000e+01  -2.5972498e+01
   3.9200000e+01  -2.5958028e+01
   3.9300000e+01  -2.6003373e+01
   3.9400000e+01  -2.6111873e+01
   3.9500000e+01  -2.6284441e+01
   3.9600000e+01  -2.6518914e+01
   3.9700000e+01  -2.6809081e+01
   3.9800000e+01  -2.7143404e+01
   3.9900000e+01  -2.7503643e+01
   4.0000000e+01  -2.7864001e+01
   4.0100000e+01  -2.8191960e+01
   4.0200000e+01  -2.8452271e+01
   4.0300000e+01  -2.8614676e+01
   4.0400000e+01  -2.8663289e+01
   4.0500000e+01  -2.8602834e+01
   4.0600000e+01  -2.8457692e+01
   4.0700000e+01  -2.8264458e+01
   4.0800000e+01  -2.8062711e+01
   4.0900000e+01  -2.7888291e+01
   4.1000000e+01  -2.7770320e+01
   4.1100000e+01  -2.7730967e+01
   4.1200000e+01  -2.7786431e+01
   4.1300000e+01  -2.7947991e+01
   4.1400000e+01  -2.8222413e+01
   4.1500000e+01  -2.8611107e+01
   4.1600000e+01  -2.9107314e+01
   4.1700000e+01  -2.9690240e+01
   4.1800000e+01  -3.0315342e+01
   4.1900000e+01  -3.0902759e+01
   4.2000000e+01  -3.1334973e+01
   4.2100000e+01  -3.1485987e+01
   4.2200000e+01  -3.1287517e+01
   4.2300000e+01  -3.0777815e+01
   4.2400000e+01  -3.0073777e+01
   4.2500000e+01  -2.9301758e+01
   4.2600000e+01  -2.8555418e+01
   4.2700000e+01  -2.7891125e+01
   4.2800000e+01  -2.7338762e+01
   4.2900000e+01  -2.6912930e+01
   4.3000000e+01  -2.6620559e+01
   4.3100000e+01  -2.6465383e+01
   4.3200000e+01  -2.6450455e+01
   4.3300000e+01  -2.6579554e+01
   4.3400000e+01  -2.6857980e+01
   4.3500000e+01  -2.7292932e+01
   4.3600000e+01  -2.7893334e+01
   4.3700000e+01  -2.8668483e+01
   4.3800000e+01  -2.9623670e+01
   4.3900000e+01  -3.0748155e+01
   4.4000000e+01  -3.1985306e+01
   4.4100000e+01  -3.3172341e+01
   4.4200000e+01  -3.3982332e+01
   4.4300000e+01  -3.4050847e+01
   4.4400000e+01  -3.3346401e+01
   4.4500000e+01  -3.2210024e+01
   4.4600000e+01  -3.0987245e+01
   4.4700000e+01  -2.9859870e+01
   4.4800000e+01  -2.8893430e+01
   4.4900000e+01  -2.8101231e+01
   4.5000000e+01  -2.7477667e+01
   4.5100000e+01  -2.7011827e+01
   4.5200000e+01  -2.6692448e+01
   4.5300000e+01  -2.6509425e+01
   4.5400000e+01  -2.6453973e+01
   4.5500000e+01  -2.6518193e+01
   4.5600000e+01  -2.6694294e+01
   4.5700000e+01  -2.6973458e+01
   4.5800000e+01  -2.7344239e+01
   4.5900000e+01  -2.7790354e+01
   4.6000000e+01  -2.8287896e+01
   4.6100000e+01  -2.8802474e+01
   4.6200000e+01  -2.9287933e+01
   4.6300000e+01  -2.9689697e+01
   4.6400000e+01  -2.9955703e+01
   4.6500000e+01  -3.0053271e+01
   4.6600000e+01  -2.9982519e+01
   4.6700000e+01  -2.9775854e+01
   4.6800000e+01  -2.9483927e+01
   4.6900000e+01  -2.9158785e+01
   4.7000000e+01  -2.8843241e+01
   4.7100000e+01  -2.8567698e+01
   4.7200000e+01  -2.8351354e+01
   4.7300000e+01  -2.8204777e+01
   4.7400000e+01  -2.8132274e+01
   4.7500000e+01  -2.8133557e+01
   4.7600000e+01  -2.8204704e+01
   4.7700000e+01  -2.8338562e+01
   4.7800000e+01  -2.8524821e+01
   4.7900000e+01  -2.8749979e+01
   4.8000000e+01  -2.8997517e+01
   4.8100000e+01  -2.9248647e+01
   4.8200000e+01  -2.9483968e+01
   4.8300000e+01  -2.9686098e+01
   4.8400000e+01  -2.9842866e+01
   4.8500000e+01  -2.9950043e+01
   4.8600000e+01  -3.0012494e+01
   4.8700000e+01  -3.0043225e+01
   4.8800000e+01  -3.0060779e+01
   4.8900000e+01  -3.0086094e+01
   4.9000000e+01  -3.0139842e+01
   4.9100000e+01  -3.0240736e+01
   4.9200000e+01  -3.0404719e+01
   4.9300000e+01  -3.0644668e+01
   4.9400000e+01  -3.0970158e+01
   4.9500000e+01  -3.1386759e+01
   4.9600000e+01  -3.1894272e+01
   4.9700000e+01  -3.2483045e+01
   4.9800000e+01  -3.3127393e+01
   4.9900000e+01  -3.3775914e+01
   5.0000000e+01  -3.4342484e+01
   5.0100000e+01  -3.4711138e+01
   5.0200000e+01  -3.4773492e+01
   5.0300000e+01  -3.4490062e+01
   5.0400000e+01  -3.3917961e+01
   5.0500000e+01  -3.3171273e+01
   5.0600000e+01  -3.2361208e+01
   5.0700000e+01  -3.1566244e+01
   5.0800000e+01  -3.0831778e+01
   5.0900000e+01  -3.0180100e+01
   5.1000000e+01  -2.9619762e+01
   5.1100000e+01  -2.9151752e+01
   5.1200000e+01  -2.8773025e+01
   5.1300000e+01  -2.8478327e+01
   5.1400000e+01  -2.8261049e+01
   5.1500000e+01  -2.8113532e+01
   5.1600000e+01  -2.8027089e+01
   5.1700000e+01  -2.7991891e+01
   5.1800000e+01  -2.7996864e+01
   5.1900000e+01  -2.8029710e+01
   5.2000000e+01  -2.8077191e+01
   5.2100000e+01  -2.8125779e+01
   5.2200000e+01  -2.8162745e+01
   5.2300000e+01  -2.8177552e+01
   5.2400000e+01  -2.8163297e+01
   5.2500000e+01  -2.8117794e+01
   5.2600000e+01  -2.8043922e+01
   5.2700000e+01  -2.7949127e+01
   5.2800000e+01  -2.7844266e+01
   5.2900000e+01  -2.7742162e+01
   5.3000000e+01  -2.7656290e+01
   5.3100000e+01  -2.7599828e+01
   5.3200000e+01  -2.7585160e+01
   5.3300000e+01  -2.7623772e+01
   5.3400000e+01  -2.7726454e+01
   5.3500000e+01  -2.7903706e+01
   5.3600000e+01  -2.8166316e+01
   5.3700000e+01  -2.8526089e+01
   5.3800000e+01  -2.8996796e+01
   5.3900000e+01  -2.9595477e+01
   5.4000000e+01  -3.0344331e+01
   5.4100000e+01  -3.1273690e+01
   5.4200000e+01  -3.2426960e+01
   5.4300000e+01  -3.3869347e+01
   5.4400000e+01  -3.5703871e+01
   5.4500000e+01  -3.8099418e+01
   5.4600000e+01  -4.1307463e+01
   5.4700000e+01  -4.5184356e+01
   5.4800000e+01  -4.5857790e+01
   5.4900000e+01  -4.2148450e+01
   5.5000000e+01  -3.8752687e+01
   5.5100000e+01  -3.6221353e+01
   5.5200000e+01  -3.4302187e+01
   5.5300000e+01  -3.2808538e+01
   5.5400000e+01  -3.1627199e+01
   5.5500000e+01  -3.0688049e+01
   5.5600000e+01  -2.9945880e+01
   5.5700000e+01  -2.9370601e+01
   5.5800000e+01  -2.8941848e+01
   5.5900000e+01  -2.8645902e+01
   5.6000000e+01  -2.8473905e+01
   5.6100000e+01  -2.8420829e+01
   5.6200000e+01  -2.8484954e+01
   5.6300000e+01  -2.8667709e+01
   5.6400000e+01  -2.8973867e+01
   5.6500000e+01  -2.9412128e+01
   5.6600000e+01  -2.9996248e+01
   5.6700000e+01  -3.0747026e+01
   5.6800000e+01  -3.1695840e+01
   5.6900000e+01  -3.2891160e+01
   5.7000000e+01  -3.4411459e+01
   5.7100000e+01  -3.6393480e+01
   5.7200000e+01  -3.9103307e+01
   5.7300000e+01  -4.3147950e+01
   5.7400000e+01  -4.9904918e+01
   5.7500000e+01  -4.9652628e+01
   5.7600000e+01  -4.2921464e+01
   5.7700000e+01  -3.8867488e+01
   5.7800000e+01  -3.6119239e+01
   5.7900000e+01  -3.4083108e+01
   5.8000000e+01  -3.2496611e+01
   5.8100000e+01  -3.1223381e+01
   5.8200000e+01  -3.0183997e+01
   5.8300000e+01  -2.9328294e+01
   5.8400000e+01  -2.8622646e+01
   5.8500000e+01  -2.8043472e+01
   5.8600000e+01  -2.7573652e+01
   5.8700000e+01  -2.7200411e+01
   5.8800000e+01  -2.6914009e+01
   5.8900000e+01  -2.6706893e+01
   5.9000000e+01  -2.6573124e+01
   5.9100000e+01  -2.6507977e+01
   5.9200000e+01  -2.6507655e+01
   5.9300000e+01  -2.6569069e+01
   5.9400000e+01  -2.6689667e+01
   5.9500000e+01  -2.6867289e+01
   5.9600000e+01  -2.7100028e+01
   5.9700000e+01  -2.7386104e+01
   5.9800000e+01  -2.7723713e+01
   5.9900000e+01  -2.8110862e+01
   6.0000000e+01  -2.8545163e+01
   6.0100000e+01  -2.9023590e+01
   6.0200000e+01  -2.9542164e+01
   6.0300000e+01  -3.0095602e+01
   6.0400000e+01  -3.0676909e+01
   6.0500000e+01  -3.1276997e+01
   6.0600000e+01  -3.1884417e+01
   6.0700000e+01  -3.2485384e+01
   6.0800000e+01  -3.3064320e+01
   6.0900000e+01  -3.3605103e+01
   6.1000000e+01  -3.4093058e+01
   6.1100000e+01  -3.4517336e+01
   6.1200000e+01  -3.4872987e+01
   6.1300000e+01  -3.5161907e+01
   6.1400000e+01  -3.5392214e+01
   6.1500000e+01  -3.5576246e+01
   6.1600000e+01  -3.5727900e+01
   6.1700000e+01  -3.5860082e+01
   6.1800000e+01  -3.5982729e+01
   6.1900000e+01  -3.6101498e+01
   6.2000000e+01  -3.6217002e+01
   6.2100000e+01  -3.6324464e+01
   6.2200000e+01  -3.6413811e+01
   6.2300000e+01  -3.6470384e+01
   6.2400000e+01  -3.6476591e+01
   6.2500000e+01  -3.6414683e+01
   6.2600000e+01  -3.6270382e+01
   6.2700000e+01  -3.6036388e+01
   6.2800000e+01  -3.5714451e+01
   6.2900000e+01  -3.5315071e+01
   6.3000000e+01  -3.4855052e+01
   6.3100000e+01  -3.4354076e+01
   6.3200000e+01  -3.3831585e+01
   6.3300000e+01  -3.3304737e+01
   6.3400000e+01  -3.2787487e+01
   6.3500000e+01  -3.2290510e+01
   6.3600000e+01  -3.1821581e+01
   6.3700000e+01  -3.1386130e+01
   6.3800000e+01  -3.0987795e+01
   6.3900000e+01  -3.0628905e+01
   6.4000000e+01  -3.0310871e+01
   6.4100000e+01  -3.0034481e+01
   6.4200000e+01  -2.9800123e+01
   6.4300000e+01  -2.9607950e+01
   6.4400000e+01  -2.9458000e+01
   6.4500000e+01  -2.9350286e+01
   6.4600000e+01  -2.9284864e+01
   6.4700000e+01  -2.9261885e+01
   6.4800000e+01  -2.9281647e+01
   6.4900000e+01  -2.9344626e+01
   6.5000000e+01  -2.9451527e+01
   6.5100000e+01  -2.9603324e+01
   6.5200000e+01  -2.9801313e+01
   6.5300000e+01  -3.0047175e+01
   6.5400000e+01  -3.0343054e+01
   6.5500000e+01  -3.0691660e+01
   6.5600000e+01  -3.1096407e+01
   6.5700000e+01  -3.1561592e+01
   6.5800000e+01  -3.2092647e+01
   6.5900000e+01  -3.2696496e+01
   6.6000000e+01  -3.3382055e+01
   6.6100000e+01  -3.4160991e+01
   6.6200000e+01  -3.5048866e+01
   6.6300000e+01  -3.6066962e+01
   6.6400000e+01  -3.7245308e+01
   6.6500000e+01  -3.8627999e+01
   6.6600000e+01  -4.0283164e+01
   6.6700000e+01  -4.2323249e+01
   6.6800000e+01  -4.4949986e+01
   6.6900000e+01  -4.8556394e+01
   6.7000000e+01  -5.3717943e+01
   6.7100000e+01  -5.5928611e+01
   6.7200000e+01  -5.0777819e+01
   6.7300000e+01  -4.6769037e+01
   6.7400000e+01  -4.3993530e+01
   6.7500000e+01  -4.1935989e+01
   6.7600000e+01  -4.0330928e+01
   6.7700000e+01  -3.9035682e+01
   6.7800000e+01  -3.7966377e+01
   6.7900000e+01  -3.7069883e+01
   6.8000000e+01  -3.6310516e+01
   6.8100000e+01  -3.5663173e+01
   6.8200000e+01  -3.5109522e+01
   6.8300000e+01  -3.4635752e+01
   6.8400000e+01  -3.4231183e+01
   6.8500000e+01  -3.3887369e+01
   6.8600000e+01  -3.3597494e+01
   6.8700000e+01  -3.3355960e+01
   6.8800000e+01  -3.3158091e+01
   6.8900000e+01  -3.2999922e+01
   6.9000000e+01  -3.2878041e+01
   6.9100000e+01  -3.2789468e+01
   6.9200000e+01  -3.2731569e+01
   6.9300000e+01  -3.2701978e+01
   6.9400000e+01  -3.2698547e+01
   6.9500000e+01  -3.2719300e+01
   6.9600000e+01  -3.2762399e+01
   6.9700000e+01  -3.2826114e+01
   6.9800000e+01  -3.2908805e+01
   6.9900000e+01  -3.3008903e+01
   7.0000000e+01  -3.3124903e+01
   7.0100000e+01  -3.3255353e+01
   7.0200000e+01  -3.3398855e+01
   7.0300000e+01  -3.3554065e+01
   7.0400000e+01  -3.3719699e+01
   7.0500000e+01  -3.3894542e+01
   7.0600000e+01  -3.4077460e+01
   7.0700000e+01  -3.4267416e+01
   7.0800000e+01  -3.4463483e+01
   7.0900000e+01  -3.4664868e+01
   7.1000000e+01  -3.4870923e+01
   7.1100000e+01  -3.5081163e+01
   7.1200000e+01  -3.5295286e+01
   7.1300000e+01  -3.5513177e+01
   7.1400000e+01  -3.5734921e+01
   7.1500000e+01  -3.5960802e+01
   7.1600000e+01  -3.6191309e+01
   7.1700000e+01  -3.6427123e+01
   7.1800000e+01  -3.6669114e+01
   7.1900000e+01  -3.6918328e+01
   7.2000000e+01  -3.7175973e+01
   7.2100000e+01  -3.7443400e+01
   7.2200000e+01  -3.7722096e+01
   7.2300000e+01  -3.8013658e+01
   7.2400000e+01  -3.8319785e+01
   7.2500000e+01  -3.8642255e+01
   7.2600000e+01  -3.8982908e+01
   7.2700000e+01  -3.9343624e+01
   7.2800000e+01  -3.9726285e+01
   7.2900000e+01  -4.0132730e+01
   7.3000000e+01  -4.0564673e+01
   7.3100000e+01  -4.1023589e+01
   7.3200000e+01  -4.1510521e+01
   7.3300000e+01  -4.2025790e+01
   7.3400000e+01  -4.2568537e+01
   7.3500000e+01  -4.3136042e+01
   7.3600000e+01  -4.3722717e+01
   7.3700000e+01  -4.4318715e+01
   7.3800000e+01  -4.4908177e+01
   7.3900000e+01  -4.5467451e+01
   7.4000000e+01  -4.5964156e+01
   7.4100000e+01  -4.6358749e+01
   7.4200000e+01  -4.6610414e+01
   7.4300000e+01  -4.6687352e+01
   7.4400000e+01  -4.6577548e+01
   7.4500000e+01  -4.6293456e+01
   7.4600000e+01  -4.5867187e+01
   7.4700000e+01  -4.5339705e+01
   7.4800000e+01  -4.4750588e+01
   7.4900000e+01  -4.4132219e+01
   7.5000000e+01  -4.3508275e+01
   7.5100000e+01  -4.2894687e+01
   7.5200000e+01  -4.2301434e+01
   7.5300000e+01  -4.1734292e+01
   7.5400000e+01  -4.1196222e+01
   7.5500000e+01  -4.0688377e+01
   7.5600000e+01  -4.0210780e+01
   7.5700000e+01  -3.9762779e+01
   7.5800000e+01  -3.9343338e+01
   7.5900000e+01  -3.8951223e+01
   7.6000000e+01  -3.8585118e+01
   7.6100000e+01  -3.8243696e+01
   7.6200000e+01  -3.7925659e+01
   7.6300000e+01  -3.7629768e+01
   7.6400000e+01  -3.7354850e+01
   7.6500000e+01  -3.7099803e+01
   7.6600000e+01  -3.6863602e+01
   7.6700000e+01  -3.6645289e+01
   7.6800000e+01  -3.6443977e+01
   7.6900000e+01  -3.6258840e+01
   7.7000000e+01  -3.6089114e+01
   7.7100000e+01  -3.5934086e+01
   7.7200000e+01  -3.5793095e+01
   7.7300000e+01  -3.5665525e+01
   7.7400000e+01  -3.5550801e+01
   7.7500000e+01  -3.5448388e+01
   7.7600000e+01  -3.5357783e+01
   7.7700000e+01  -3.5278519e+01
   7.7800000e+01  -3.5210153e+01
   7.7900000e+01  -3.5152273e+01
   7.8000000e+01  -3.5104489e+01
   7.8100000e+01  -3.5066434e+01
   7.8200000e+01  -3.5037761e+01
   7.8300000e+01  -3.5018144e+01
   7.8400000e+01  -3.5007270e+01
   7.8500000e+01  -3.5004847e+01
   7.8600000e+01  -3.5010593e+01
   7.8700000e+01  -3.5024244e+01
   7.8800000e+01  -3.5045546e+01
   7.8900000e+01  -3.5074256e+01
   7.9000000e+01  -3.5110145e+01
   7.9100000e+01  -3.5152990e+01
   7.9200000e+01  -3.5202580e+01
   7.9300000e+01  -3.5258712e+01
   7.9400000e+01  -3.5321191e+01
   7.9500000e+01  -3.5389830e+01
   7.9600000e+01  -3.5464448e+01
   7.9700000e+01  -3.5544872e+01
   7.9800000e+01  -3.5630934e+01
   7.9900000e+01  -3.5722471e+01
   8.0000000e+01  -3.5819329e+01
   8.0100000e+01  -3.5921354e+01
   8.0200000e+01  -3.6028400e+01
   8.0300000e+01  -3.6140326e+01
   8.0400000e+01  -3.6256994e+01
   8.0500000e+01  -3.6378269e+01
   8.0600000e+01  -3.6504021e+01
   8.0700000e+01  -3.6634123e+01
   8.0800000e+01  -3.6768453e+01
   8.0900000e+01  -3.6906890e+01
   8.1000000e+01  -3.7049317e+01
   8.1100000e+01  -3.7195620e+01
   8.1200000e+01  -3.7345688e+01
   8.1300000e+01  -3.7499410e+01
   8.1400000e+01  -3.7656682e+01
   8.1500000e+01  -3.7817398e+01
   8.1600000e+01  -3.7981458e+01
   8.1700000e+01  -3.8148760e+01
   8.1800000e+01  -3.8319208e+01
   8.1900000e+01  -3.8492706e+01
   8.2000000e+01  -3.8669160e+01
   8.2100000e+01  -3.8848478e+01
   8.2200000e+01  -3.9030571e+01
   8.2300000e+01  -3.9215350e+01
   8.2400000e+01  -3.9402729e+01
   8.2500000e+01  -3.9592622e+01
   8.2600000e+01  -3.9784946e+01
   8.2700000e+01  -3.9979620e+01
   8.2800000e+01  -4.0176564e+01
   8.2900000e+01  -4.0375700e+01
   8.3000000e+01  -4.0576950e+01
   8.3100000e+01  -4.0780239e+01
   8.3200000e+01  -4.0985493e+01
   8.3300000e+01  -4.1192642e+01
   8.3400000e+01  -4.1401613e+01
   8.3500000e+01  -4.1612338e+01
   8.3600000e+01  -4.1824751e+01
   8.3700000e+01  -4.2038785e+01
   8.3800000e+01  -4.2254377e+01
   8.3900000e+01  -4.2471464e+01
   8.4000000e+01  -4.2689986e+01
   8.4100000e+01  -4.2909885e+01
   8.4200000e+01  -4.3131105e+01
   8.4300000e+01  -4.3353590e+01
   8.4400000e+01  -4.3577288e+01
   8.4500000e+01  -4.3802148e+01
   8.4600000e+01  -4.4028123e+01
   8.4700000e+01  -4.4255165e+01
   8.4800000e+01  -4.4483231e+01
   8.4900000e+01  -4.4712278e+01
   8.5000000e+01  -4.4942269e+01
   8.5100000e+01  -4.5173166e+01
   8.5200000e+01  -4.5404935e+01
   8.5300000e+01  -4.5637544e+01
   8.5400000e+01  -4.5870965e+01
   8.5500000e+01  -4.6105172e+01
   8.5600000e+01  -4.6340143e+01
   8.5700000e+01  -4.6575856e+01
   8.5800000e+01  -4.6812295e+01
   8.5900000e+01  -4.7049448e+01
   8.6000000e+01  -4.7287302e+01
   8.6100000e+01  -4.7525852e+01
   8.6200000e+01  -4.7765093e+01
   8.6300000e+01  -4.8005026e+01
   8.6400000e+01  -4.8245653e+01
   8.6500000e+01  -4.8486983e+01
   8.6600000e+01  -4.8729025e+01
   8.6700000e+01  -4.8971794e+01
   8.6800000e+01  -4.9215308e+01
   8.6900000e+01  -4.9459589e+01
   8.7000000e+01  -4.9704662e+01
   8.7100000e+01  -4.9950557e+01
   8.7200000e+01  -5.0197306e+01
   8.7300000e+01  -5.0444946e+01
   8.7400000e+01  -5.0693516e+01
   8.7500000e+01  -5.0943059e+01
   8.7600000e+01  -5.1193622e+01
   8.7700000e+01  -5.1445252e+01
   8.7800000e+01  -5.1698001e+01
   8.7900000e+01  -5.1951922e+01
   8.8000000e+01  -5.2207069e+01
   8.8100000e+01  -5.2463496e+01
   8.8200000e+01  -5.2721258e+01
   8.8300000e+01  -5.2980409e+01
   8.8400000e+01  -5.3240998e+01
   8.8500000e+01  -5.3503073e+01
   8.8600000e+01  -5.3766674e+01
   8.8700000e+01  -5.4031833e+01
   8.8800000e+01  -5.4298573e+01
   8.8900000e+01  -5.4566901e+01
   8.9000000e+01  -5.4836807e+01
   8.9100000e+01  -5.5108258e+01
   8.9200000e+01  -5.5381194e+01
   8.9300000e+01  -5.5655521e+01
   8.9400000e+01  -5.5931102e+01
   8.9500000e+01  -5.6207751e+01
   8.9600000e+01  -5.6485219e+01
   8.9700000e+01  -5.6763186e+01
   8.9800000e+01  -5.7041242e+01
   8.9900000e+01  -5.7318876e+01
   9.0000000e+01  -5.7595457e+01
